929629964
75025
1417826
9808
1464587285
142762
12728486
5025538
37427418
53761
3247783
835478
4
86984382910785
1590
3667
787125
3
89037483
938
32299
55
9962920161
8369
1021477
3982
696
8268
6971
4961
55214
58737607
1057927
517165528753995
5132463
2772319020
45477
114296
774301034
9179
727764
921921
33112002314527
689
19680
6781
988233
6309
7919
997538
6341
1178833
433306858395
7088880
73
7635
5079540366397
98065254146692
76155787
79404
59838
136
5962
41106908647
77194483505888
206
18479
974427443
83113
92257356803741119
227
8025
46285823
2608836
7603939
9706533
5720
9913051022
62832224
965775582
340074886
1031390
8358254604544916
9068
5307090
82379
59487
1678
497
566759404
8265291
7682
987842
66
432
6678532137
600
8783
301796
45240503
8896865403179153
725320
87796
588
12082
29797989
2021779
9804418555
7205640
956
596
661689924
437476
6333
549495
54572
416021313
173033980
101274
73306
6548
83947036
9588
95146
633307
454875
98332
30057
3379601
611405
87076
7784
3559
86300
925178917568081
642
96661116
436945
1888130
4799210978733
58774380
87116
658774
7058
94351
7648
186
72654
7363
101661
944382
3787
38595
311294654689
8298179
8833
5333
47
5777747385392
318406
2166709231
9795827
4773955124
2420992095145
21
860177
6596536441
6175735
411982494722
35833
67334259
7651468
154518
27651
305545831
16492185969
27132408525
55
856451694792898
33146616
761119119304
383907498880
9857
485307
63882
3920155062
221389803
357699691
29669163
7728897
858163617
721
181387
851480
162509
14601323
6739199
11811988042772
792
76095280
3166408
2770437
8780915327022
758067
12577109
7743722
52677
267900838727
426
5874
9072183
8541350334
8817573448
1522
206366475205
2651847
73409
691944
128
8464945
592447534987
6780197
78261215
5846962
729388979636590
5100525
618196111517761
378342
15716
43192
95687
6858176306715
8606997437092
82374
3664567148
9743235037223730
4218131
405991
40879
8280665
7664781
454611
8234441942226
3973104
577697
40811
54605042
47135398
214015178
719857
61108057
42495968966848
851210
957448
75343497
515
3738
437962
891369
24442003141834061
35
2886067338
8980952
922630343561
8584
4143
5821878
12434000
6348
82123766
8133077717987
3576460
3895
44201
840031992
4343345
35044466
89528098
3948564228
6040
62538
853932
953
174165123216761
76426938
201718
287924
543967439
5186393
944598193021
776577
199388
72028677
972
96051678688
3610680114
39
479556
565604
405399565
17606
430289294
1956287532415
7494257129154
29562
58329
9529135
1244096
618269
1218383
90042
1566006
628190091
643
8364778
33434
6983635557071
15327
75428
38843
28911
795000
757
3472360075850224
346
138610
409765
4474
2092
88598
946639677
145967861
8553997
661247
2754395
5499
99068447
2384024
25
298196
18754468
79610064
65084
94393
141
3564939
2954747423
5266136
747479025271
8838
3215200
439
9152265457
25497354
6917738
2860072136952
2839
676
944355
7038
5926047
1176728279
56682
39681
91021191
375818090
17884474837
38819245370
889822578927
621793
80779
962
3626665
65694
608168
6943469
8798282256
316213001
80199061
55278
2640814887
67988
60485
6620
74957595716
54038
9050626
6346133326000
6855919
792350
36
56729
95901
4534607855
812
57748715
75052
91242
365720
84086
3445
906190132892
359645269
4209818
58122
4003
836948026305
44
568455
7448884
97709
50953094127633
6432062
3005942
9
559
572435
3217992
7966584
8072038
16293784331
62560
8028669344
77590651
44635668443046
13956
954296466320
50123310720018
611771964003
9327657
68
18656
2476
27702023
48152
64605968361052
223355
2271013
2420521402
218120582
7748
869181
334496
50
7311004
50533827
5814823
35521214
2440417
25176652890418
4902935321
415330
2819
4859555015947
680410053
376
61345802003
83864388623
4284635051
8057626
1893
571220
435412
99417145687
862664168488167
682988
998726
459
13023
223626288
121
2922958
5977362
12543429916
19415
355315
641155356640460
873088125195
354579771638
940364
8669021798397
71
38134952
8446
805916
644593419
66936
2
67875982
4379669713466
4109
2447
2819177
55568
11
69252
188907587955
47858
8911367
3514272
813
3232211
9124736584321
88117023
3386561850499811
87630336
82917794405
4616688
4487972709
11761609314549
222937
95374
520689
5049180594310
1477
8527118972
61924358
43978806
89471630821
58968590
41
6238435
558
782340887607
728
53452
1055
1081
24262252
106214400
1775000
65322
1958926
624785
84365
74402
694310
2
105858399157
553440136
91438059
23837420
98
90682635884284657
61267
33326
45653621382
808572
653966
659189
63398
60
6305206
3079723
7112
73644
2885375687477
15423
9979
65509978579
3
635264
824
857324706361
48388622
419358088787
585
40233
2613776
14061451
83880497798252
501
507913
76086397526
35636
2609848375530
245483
3477
215191
979
15
27890
6388955
8173800
706342
97488
8374504551
25087
134490
893
461716
544301
78745
35309
359352
6076949
327
91331
1196
54328977
77489
10685
6231350
812922
286348
2
70977168
36365
52948
39321
11829706167
1165
5106
3241987
2832966768532
3964277
613311173044
6711826101
302138772990
7
54852
87371556563
35
77045
417393
33624133
3002338
94048524
5671
14410
2126761
98746
60169
96906136576082
4545328
48784
7314136
5573955
523395
1866613
66785461827
21955
361039
2889
843611
25821455066455
46792
162
146
608222
582462
76319237855939
8262453
6649792
6630956199
5826109
231791680
7780962
792941
74759
3287
993
491672972081
2257
8182
4881308
83110
4920629
7831
8406
919371
444788
6615209567
42010486
214
2201
495081670003
6110162293
2261135
120161
8460
595333505597
605
72354761713
72576385
36466
592444
6631
3069
248980587893518
24430
6147
805844
1285
3664804
5541245
9941814824620
22950
920063
430660
695971
42442
57924
663768
37183267291306
5595793
747769792418
376
590882
895527
474443025
11410
57922147810
403967
615768
3389874
7069014
807840
36975
90447332
5181910356
517354
358891
3094413
78515
3906373819010
668412119404
536573515786
1054095067
49510
744101
751
973695
25328
7925
96350686
70150
93
928733215145327
74
545996977104
837021
50
527338
32315385773717
93713821
8137993
22252
2507
71920
93614
6353168
403135
44271772466
60970
95115805480
23159
5923
17184
3098123
541397
39
450040
85546435754
96
782849348
766810368
867
87197
1053747804
34
71458109
7472
90574
2511
31
6062404
5955
7922
197156
533744601
5793409154868
2384
371674765
26066
836510
2575671
37240
498244103307464
620428
4292009486
974158
658089104377
98208611
70892181
455166
83448801
6955
50785
711258
3058102
5604613
234239
865046972
65696
50854
3047680
9543380
1904
1084746
44908600
277192
269900
88568
82979430823317455
18810665
19519
6634010
82598989
89211
409351
35591
977316191
39161361
261609
5383
6974209739212
97081
822121
35806448853
578166078
521
436215076432
11247980
6985535
28445704
959109
749547380
9269
676742
78
649979
91346
63705
617100
9384
89387537
24561349
750203
482398
26
7684
9150
16283
43268
4428
10663544989825
58693988
4845
916
30725755
68109
43178611744141
153
684390
8569584
7097505620403813
38464
40
829176
60918
3139887631
4732161
53834623
626
927
78728186
4340884
978306775
437657
4061705
31734918
5428
705311
115450
661
25
16004528017
2888475690
247109907421
518141
2666746
276185
9929356
17137
6912392
48705
9600607
649
1227
945494
25154680
2511673
587
562693462098247
962814
807236
59613
218573185994
28163
50793
99084
790142
9736461
30062148
90535
4713107
854792
2537999560
4500
48049152836
1333918
61802
6303560
750413358
9697327732
240
58201
42975752539033
1805386488492853
229529
49650460
35049
3799359128
15973
3806000
76077
47630747
56782291463739
6471506575
951
42705
5164209
726
4359001
7511
936271481
1507326139798079
1565792
69440
91371033
893612
43233
8019
20822
2816653
8136792
2768
83201047625
265863
39868843406868
693
2190
63508944
205575686727
413769382806
99908
6027928
1314184710941626
9146
473062
539748826402164
4023597701
47
659759218
4318398135
8556327789
146077
52103
3596247228
2143848973
981942998
6177817740
19892
7735328
9014480
44229
96778
683676
3993
81224410362736740
631
21781
76471390668
14
545
17948
4588
396938914750
2956196
