2
2
2
4
128
3
3
9
25
25
36
60
66
78
96
162
186
240
426
432
558
588
600
642
696
726
792
972
1590
2190
3738
4428
4500
5106
5874
6348
7038
8268
8406
8460
8838
9150
9384
9588
13956
17184
19680
22950
29562
54852
55278
56682
57924
58122
59838
60918
62538
63882
65322
65694
66936
69252
72654
73644
79404
82374
90042
91242
97488
99084
101274
134490
154518
359352
378342
455166
479556
582462
615768
617100
663768
683676
684390
691944
711258
727764
795000
807840
808572
812922
829176
853932
944382
962814
1084746
1566006
2608836
3217992
3389874
3514272
3973104
4616688
5307090
5821878
5977362
7069014
7088880
7205640
7780962
7966584
8136792
8173800
8569584
25497354
30062148
31734918
33146616
37427418
43978806
58774380
63508944
70977168
76426938
79610064
87630336
94048524
96661116
106214400
223626288
578166078
661689924
750413358
766810368
840031992
965775582
1053747804
2772319020
2886067338
2888475690
3596247228
3610680114
3920155062
3948564228
5181910356
6177817740
8541350334
8798282256
45653621382
76471390668
302138772990
413769382806
545996977104
2609848375530
2860072136952
5793409154868
7494257129154
8234441942226
8780915327022
39868843406868
44635668443046
50123310720018
539748826402164
9743235037223730
81224410362736740
7
40
50
50
5720
6040
6620
11410
14410
24430
27890
37240
49510
60970
62560
69440
70150
71920
83110
86300
115450
138610
269900
365720
415330
430660
450040
571220
694310
725320
792350
836510
851210
851480
1031390
1775000
1888130
3047680
3215200
3576460
3806000
6231350
6303560
6634010
9014480
9543380
11247980
12434000
23837420
25154680
44908600
49650460
58968590
76095280
173033980
231791680
375818090
749547380
2537999560
38819245370
57922147810
95115805480
383907498880
396938914750
954296466320
3906373819010
5049180594310
6346133326000
9941814824620
641155356640460
729388979636590
11
121
14
98
728
812
938
1904
7112
7784
12082
17948
52948
53452
54572
114296
199388
287924
437962
482398
527338
635264
706342
835478
1244096
3166408
5025538
6432062
7743722
24262252
28445704
42010486
62832224
9913051022
96051678688
536573515786
77194483505888
98065254146692
15
585
4845
5955
7635
8025
36975
38595
42705
48705
63705
454875
523395
549495
568455
787125
944355
973695
5100525
5573955
474443025
4318398135
27132408525
188907587955
433306858395
836948026305
873088125195
6858176306715
86984382910785
517165528753995
21
693
35049
101661
921921
2575671
3094413
3564939
4732161
5132463
9736461
72028677
6630956199
8374504551
16492185969
35806448853
66785461827
44
3982
5962
18656
87076
90574
96778
201718
301796
318406
608168
676742
945494
2613776
3664804
5846962
7651468
89528098
3664567148
747769792418
906190132892
26
676
962
1196
7748
48152
61802
565604
8072038
9050626
214015178
774301034
98332
437476
805844
2420521402
85546435754
248980587893518
3472360075850224
31
3069
3993
8019
2651847
7728897
4487972709
34
68
136
7684
7922
9146
286348
444788
6027928
6062404
8057626
18754468
865046972
35
35
36365
50785
276185
624785
2754395
3626665
6238435
9529135
72576385
371674765
1464587285
10663544989825
82979430823317455
33326
55214
473062
957448
997538
4773955124
761119119304
39
39
5499
15327
27651
95901
265863
520689
29797989
91371033
533744601
41
5428
7682
55568
67988
197156
790142
8364778
47
47
153
459
867
39321
776577
5164209
5926047
83448801
89037483
7097505620403813
55
55
605
19415
223355
206366475205
3477
895527
91021191
9962920161
8584
20822
43268
75052
87116
8980952
82123766
4588
88598
2384024
42495968966848
3445
6955
2420992095145
28911
44229
71
73
74
592444
5266136
58693988
67875982
3247783
45240503
592447534987
8446
54038
142762
2832966768532
611405
95374
261609
988233
54328977
67334259
2126761
93
2511
45477
59613
959109
7664781
2640814887
376
376
50854
87796
3058102
8028669344
83880497798252
3895
77045
90535
18810665
30725755
65084
929629964
6974209739212
56782291463739
35636
854792
35044466
74957595716
498244103307464
5079540366397
78728186
30057
9072183
2440417
141
7314136
38134952
58201
222937
57748715
146
33434
682988
436945
4292009486
15423
3098123
856451694792898
2770437
405399565
98746
862664168488167
608222
7511
6855919
78515
206
824
758067
8556327789
11761609314549
214
2956196
659759218
38843
75428
620428
68109
39161361
1057927
95146
805916
227
84365
59487
76077
358891
145967861
925178917568081
298196
2666746
1866613
41106908647
47135398
596
2384
9269
618196111517761
987842
82917794405
927
981942998
82598989
2889
2271013
7735328
327
1565792
346
2768
6471506575
5595793
89211
435412
649979
58737607
439
4961
974427443
916
16293784331
956
7648
497
501
25821455066455
515
521
35309
545
559
1958926
70892181
3799359128
587
6678532137
626
64605968361052
631
643
649
661
419358088787
9327657
689
94393
721
751
757
3241987
5814823
56729
8833
813
83201047625
893
355315
7472
951
6711826101
953
978306775
54605042
4920629
8280665
979
993
2092
1055
1081
2143848973
566759404
1165
38464
9808
8817573448
1227
2476
340074886
1285
359645269
1477
4713107
14601323
1522
12728486
7925
553440136
1678
89471630821
6175735
25176652890418
9600607
1893
6147
6309
8358254604544916
2201
2257
2447
2507
2819
2839
695971
25328
6548
3287
5541245
860177
3559
83947036
3667
3787
11811988042772
544301
4003
543967439
65696
4109
4143
35521214
13023
4474
9068
1176728279
430289294
29669163
5826109
92257356803741119
9706533
5333
5383
5671
89387537
52677
5923
48784
2954747423
6333
6341
6631
4379669713466
3079723
6781
6971
7058
8669021798397
7363
7831
15716
7919
8182
90447332
8369
8783
5186393
9179
9857
19892
9979
78261215
10685
43192
22252
46792
83864388623
39681
8911367
613311173044
75025
417393
6615209567
316213001
15973
16283
17137
17606
18479
1805386488492853
58329
19519
334496
1956287532415
21781
21955
88568
611771964003
23159
436215076432
25087
26066
936271481
2885375687477
28163
32299
50953094127633
4799210978733
495081670003
35591
35833
36466
437657
40233
40811
40879
42442
43233
44201
47858
99908
50793
52103
53761
857324706361
60169
60485
61267
63398
277192
73306
73409
74402
74759
77489
78745
48049152836
80779
82379
83113
1054095067
84086
87197
91331
91346
93614
94351
95687
97081
97709
218573185994
120161
24442003141834061
146077
485307
162509
205575686727
181387
1507326139798079
8606997437092
6649792
215191
6110162293
229529
461716
234239
245483
6983635557071
891369
361039
403135
807236
403967
405991
409351
409765
889822578927
893612
454611
940364
507913
517354
518141
541397
4545328
572435
577697
590882
618269
621793
411982494722
633307
653966
658774
659189
661247
5777747385392
705311
719857
744101
750203
792941
6353168
822121
837021
843611
869181
919371
920063
974158
998726
1021477
1178833
1218383
1333918
1417826
311294654689
6912392
922630343561
2021779
4340884
2261135
4881308
2511673
2816653
2819177
2922958
3002338
3005942
3232211
3379601
7311004
7448884
3964277
4061705
4209818
4218131
4343345
4359001
9929356
595333505597
76319237855939
9124736584321
5604613
6076949
6305206
6388955
6739199
6780197
6917738
6943469
6985535
7603939
8137993
8262453
8265291
8298179
8464945
8553997
9795827
4859555015947
12577109
14061451
24561349
27702023
33624133
46285823
47630747
48388622
50533827
53834623
61108057
61924358
71458109
221389803
75343497
76155787
77590651
80199061
88117023
91438059
93713821
96350686
98208611
99068447
174165123216761
628190091
644593419
218120582
680410053
858163617
305545831
357699691
782849348
416021313
946639677
977316191
2166709231
3139887631
4023597701
8527118972
4284635051
4534607855
9697327732
4902935321
12543429916
6596536441
9152265457
9804418555
11829706167
105858399157
16004528017
17884474837
44271772466
61345802003
65509978579
72354761713
76086397526
87371556563
99417145687
247109907421
267900838727
668412119404
354579771638
491672972081
658089104377
747479025271
782340887607
944598193021
8133077717987
32315385773717
33112002314527
37183267291306
42975752539033
43178611744141
96906136576082
562693462098247
928733215145327
1314184710941626
3386561850499811
8896865403179153
90682635884284657
